nest_local_num_threads: 36
nest_num_connections: 1265739000
nest_num_nodes: 226002
nest_num_processes: 2
nest_time_connect: 31.692613
nest_time_create: 0.471747
nest_time_last_simulate: 2.720334
nest_time_simulated: 1000.0
sacct_averss: 44408670.0
sacct_elapsed: 911.0
sacct_maxrss: 44408698.0
