nest_local_num_threads: 36
nest_num_connections: 158211562
nest_num_nodes: 225001
nest_num_processes: 16
nest_time_connect: 3.966052
nest_time_create: 0.031748
nest_time_last_simulate: 0.203831
nest_time_simulated: 1000.0
sacct_averss: 6854938496.0
sacct_elapsed: 190.0
sacct_maxrss: 6743624.0
