nest_local_num_threads: 36
nest_num_connections: 158211562
nest_num_nodes: 225001
nest_num_processes: 16
nest_time_connect: 3.962736
nest_time_create: 0.032012
nest_time_last_simulate: 0.211614
nest_time_simulated: 1000.0
sacct_averss: 6854601088.0
sacct_elapsed: 192.0
sacct_maxrss: 6742840.0
