nest_local_num_threads: 36
nest_num_connections: 316434375
nest_num_nodes: 225001
nest_num_processes: 8
nest_time_connect: 7.83637
nest_time_create: 0.057637
nest_time_last_simulate: 0.344571
nest_time_simulated: 1000.0
sacct_averss: 12546604288.0
sacct_elapsed: 172.0
sacct_maxrss: 12253402.0
