nest_local_num_threads: 36
nest_num_connections: 2531475000
nest_num_nodes: 225001
nest_num_processes: 1
nest_time_connect: 63.794339
nest_time_create: 0.376208
nest_time_last_simulate: 5.639149
nest_time_simulated: 1000.0
sacct_averss: 87351544.0
sacct_elapsed: 618.0
sacct_maxrss: 87351544.0
