nest_local_num_threads: 36
nest_num_connections: 158211562
nest_num_nodes: 225001
nest_num_processes: 16
nest_time_connect: 3.972573
nest_time_create: 0.039554
nest_time_last_simulate: 0.223015
nest_time_simulated: 1000.0
sacct_averss: 6866894656.0
sacct_elapsed: 192.0
sacct_maxrss: 6767988.0
