nest_local_num_threads: 36
nest_num_connections: 158211562
nest_num_nodes: 225001
nest_num_processes: 16
nest_time_connect: 3.891402
nest_time_create: 0.043038
nest_time_last_simulate: 0.189076
nest_time_simulated: 1000.0
sacct_averss: 7048374528.0
sacct_elapsed: 138.0
sacct_maxrss: 6887126.0
