nest_local_num_threads: 36
nest_num_connections: 1265737500
nest_num_nodes: 225001
nest_num_processes: 2
nest_time_connect: 31.767705
nest_time_create: 0.185802
nest_time_last_simulate: 2.548049
nest_time_simulated: 1000.0
sacct_averss: 44444036.0
sacct_elapsed: 421.0
sacct_maxrss: 44444318.0
