nest_local_num_threads: 36
nest_num_connections: 158211625
nest_num_nodes: 226002
nest_num_processes: 16
nest_time_connect: 4.248867
nest_time_create: 0.288093
nest_time_last_simulate: 0.261328
nest_time_simulated: 1000.0
sacct_averss: 7026191104.0
sacct_elapsed: 715.0
sacct_maxrss: 6882936.0
