nest_local_num_threads: 36
nest_num_connections: 158211625
nest_num_nodes: 226002
nest_num_processes: 16
nest_time_connect: 4.266345
nest_time_create: 0.272789
nest_time_last_simulate: 0.269189
nest_time_simulated: 1000.0
sacct_averss: 6897932928.0
sacct_elapsed: 693.0
sacct_maxrss: 6787430.0
