nest_local_num_threads: 36
nest_num_connections: 197395755
nest_num_nodes: 1089147
nest_num_processes: 8
nest_time_connect: 39.094619
nest_time_create: 0.351818
nest_time_last_simulate: 0.343348
nest_time_simulated: 1000.0
sacct_averss: 12447764224.0
sacct_consumedenergy: 231.65
sacct_elapsed: 387.0
sacct_maxrss: 12242378.0
