nest_local_num_threads: 36
nest_num_connections: 158211562
nest_num_nodes: 225001
nest_num_processes: 16
nest_time_connect: 3.975562
nest_time_create: 0.039554
nest_time_last_simulate: 0.209984
nest_time_simulated: 1000.0
sacct_averss: 6855894144.0
sacct_elapsed: 191.0
sacct_maxrss: 6760672.0
