nest_local_num_threads: 36
nest_num_connections: 2531475000
nest_num_nodes: 225001
nest_num_processes: 1
nest_time_connect: 62.341161
nest_time_create: 0.372423
nest_time_last_simulate: 5.681147
nest_time_simulated: 1000.0
sacct_averss: 87367204.0
sacct_elapsed: 639.0
sacct_maxrss: 87367204.0
