nest_local_num_threads: 36
nest_num_connections: 1265739000
nest_num_nodes: 226002
nest_num_processes: 2
nest_time_connect: 31.874113
nest_time_create: 0.555949
nest_time_last_simulate: 2.769116
nest_time_simulated: 1000.0
sacct_averss: 44408614.0
sacct_elapsed: 893.0
sacct_maxrss: 44409030.0
