nest_local_num_threads: 36
nest_num_connections: 197395755
nest_num_nodes: 1089147
nest_num_processes: 8
nest_time_connect: 42.147572
nest_time_create: 0.345117
nest_time_last_simulate: 0.341566
nest_time_simulated: 1000.0
sacct_averss: 12443366144.0
sacct_consumedenergy: 237.46
sacct_elapsed: 419.0
sacct_maxrss: 12230316.0
